6.539609894156455994e+01
3.894475063681602478e+01
1.554484121873974800e+01
3.555841703899204731e+00
1.441595689859241247e+00
1.353580371476709843e+00
1.344988021068274975e+00
1.336668175645172596e+00
1.328032263088971376e+00
1.319126146379858255e+00
1.309977607335895300e+00
1.300609248224645853e+00
1.291039947420358658e+00
1.281286369543522596e+00
1.271362491883337498e+00
1.261280738748610020e+00
1.251051517203450203e+00
1.240684591233730316e+00
1.230188491288572550e+00
1.219571488443762064e+00
1.208842731546610594e+00
1.198011752683669329e+00
1.187090089544653893e+00
1.176091142930090427e+00
1.165029974188655615e+00
1.153924482874572277e+00
1.142792587634176016e+00
1.131654733326286077e+00
1.120531158987432718e+00
1.109442189801484346e+00
1.098408394027501345e+00
1.087448739446699619e+00
1.076581448316574097e+00
1.065823887940496206e+00
1.055192032828927040e+00
1.044700694270431995e+00
1.034363676793873310e+00
1.024194646161049604e+00
1.014205091167241335e+00
1.004406627267599106e+00
9.948100349865853786e-01
9.854241404682397842e-01
9.762571933679282665e-01
9.673146279528737068e-01
9.585999813862144947e-01
9.501133435405790806e-01
9.418544354848563671e-01
9.338198085315525532e-01
9.260043096728622913e-01
9.184014783240854740e-01
9.110047114081680775e-01
9.038037112914025784e-01
8.967900574207305908e-01
8.899510167539119720e-01
8.832778749056160450e-01
8.767584175802767277e-01
8.703801496885716915e-01
8.641309454105794430e-01
8.579979659989476204e-01
8.519697659648954868e-01
8.460329202935099602e-01
8.401754461228847504e-01
8.343860423192381859e-01
8.286505979485809803e-01
8.229578849859535694e-01
8.172970958985388279e-01
8.116557565517723560e-01
8.060237709432840347e-01
8.003883243072777987e-01
7.947406717576086521e-01
7.890679638367146254e-01
7.833616803400218487e-01
7.776103168725967407e-01
7.718048200476914644e-01
7.659337022341787815e-01
7.599881228525191545e-01
7.539578916039317846e-01
7.478332028258591890e-01
7.416046257130801678e-01
7.352622793987393379e-01
7.287980508990585804e-01
7.222026274539530277e-01
7.154692390467971563e-01
7.085904150735586882e-01
7.015625995118170977e-01
6.943788731005042791e-01
6.870366800576448441e-01
6.795323665719479322e-01
6.718623477499932051e-01
6.640245735179632902e-01
6.560173656325787306e-01
6.478379394393414259e-01
6.394876174163073301e-01
6.309651196934282780e-01
6.222722015809267759e-01
6.134112700819969177e-01
6.043859964702278376e-01
5.951992173213511705e-01
5.858578288462013006e-01
5.763676210772246122e-01
